<?xml version="1.0" encoding="utf-8"?>
<svg viewBox="8.567999839782715 7.670000076293945 98.45600128173828 40.02799987792969" width="98.45600128173828" height="40.02799987792969" xmlns="http://www.w3.org/2000/svg">
  <g id="layer1" transform="matrix(1, 0, 0, 1, -24.37213706970215, -17.57061004638672)">
    <g transform="matrix(0.35277777,0,0,-0.35277777,33.431552,34.739831)" id="g858">
      <g transform="scale(0.1)" id="g860">
        <path id="path862" style="fill:#000000;fill-opacity:1;fill-rule:nonzero;stroke:none" d="m 369.859,178.301 c 0,-39.508 -82.347,-71.528 -183.925,-71.528 -101.5824,0 -183.93009,32.02 -183.93009,71.528 V 73.5313 c 0,-39.504 82.34769,-71.52739 183.93009,-71.52739 101.578,0 183.925,32.02339 183.925,71.52739 V 178.301"/>
        <path id="path864" style="fill:none;stroke:#ffffff;stroke-width:4;stroke-linecap:butt;stroke-linejoin:miter;stroke-miterlimit:4;stroke-dasharray:none;stroke-opacity:1" d="m 369.859,178.301 c 0,-39.508 -82.347,-71.528 -183.925,-71.528 -101.5824,0 -183.93009,32.02 -183.93009,71.528 V 73.5313 c 0,-39.504 82.34769,-71.52739 183.93009,-71.52739 101.578,0 183.925,32.02339 183.925,71.52739 z"/>
        <path id="path866" style="fill:#000000;fill-opacity:1;fill-rule:nonzero;stroke:none" d="m 185.934,106.773 c 101.578,0 183.925,32.02 183.925,71.528 0,39.5 -82.347,71.523 -183.925,71.523 -101.5824,0 -183.93009,-32.023 -183.93009,-71.523 0,-39.508 82.34769,-71.528 183.93009,-71.528"/>
        <path id="path868" style="fill:none;stroke:#ffffff;stroke-width:4;stroke-linecap:butt;stroke-linejoin:miter;stroke-miterlimit:4;stroke-dasharray:none;stroke-opacity:1" d="m 185.934,106.773 c 101.578,0 183.925,32.02 183.925,71.528 0,39.5 -82.347,71.523 -183.925,71.523 -101.5824,0 -183.93009,-32.023 -183.93009,-71.523 0,-39.508 82.34769,-71.528 183.93009,-71.528 z"/>
        <path id="path870" style="fill:#ffffff;fill-opacity:1;fill-rule:nonzero;stroke:none" d="m 143.926,206.27 15.191,-22.79 -57.426,-13.269 12.547,10.453 -88.7458,15.16 22.2617,16.696 85.6371,-14.508 10.535,8.258"/>
        <path id="path872" style="fill:#ffffff;fill-opacity:1;fill-rule:nonzero;stroke:none" d="m 224.727,151.02 -10.36,23.484 51.797,10.355 -8.98,-8.054 86.328,-14.735 -20.719,-16.578 -85.805,16.113 -12.261,-10.585"/>
        <path id="path874" style="fill:#ffffff;fill-opacity:1;fill-rule:nonzero;stroke:none" d="m 196.41,218.703 58.016,15.883 0.687,-24.863 -14.504,2.761 -28.312,-23.48 -27.02,3.934 29.227,22.98 -18.094,2.785"/>
        <path id="path876" style="fill:#ffffff;fill-opacity:1;fill-rule:nonzero;stroke:none" d="m 171.547,129.609 -55.246,-10.355 -2.071,25.551 15.883,-3.453 30.41,25.968 26.911,-4.558 -32.457,-28.313 16.57,-4.84"/>
      </g>
    </g>
    <g id="g906" transform="matrix(0.35277777,0,0,-0.35277777,71.636024,34.582611)">
      <g id="g904" transform="scale(0.1)">
        <path d="m 369.859,178.301 c 0,-39.508 -82.347,-71.528 -183.925,-71.528 -101.5824,0 -183.93009,32.02 -183.93009,71.528 V 73.5313 c 0,-39.504 82.34769,-71.52739 183.93009,-71.52739 101.578,0 183.925,32.02339 183.925,71.52739 V 178.301" style="fill:#000000;fill-opacity:1;fill-rule:nonzero;stroke:none" id="path888"/>
        <path d="m 369.859,178.301 c 0,-39.508 -82.347,-71.528 -183.925,-71.528 -101.5824,0 -183.93009,32.02 -183.93009,71.528 V 73.5313 c 0,-39.504 82.34769,-71.52739 183.93009,-71.52739 101.578,0 183.925,32.02339 183.925,71.52739 z" style="fill:none;stroke:#ffffff;stroke-width:4;stroke-linecap:butt;stroke-linejoin:miter;stroke-miterlimit:4;stroke-dasharray:none;stroke-opacity:1" id="path890"/>
        <path d="m 185.934,106.773 c 101.578,0 183.925,32.02 183.925,71.528 0,39.5 -82.347,71.523 -183.925,71.523 -101.5824,0 -183.93009,-32.023 -183.93009,-71.523 0,-39.508 82.34769,-71.528 183.93009,-71.528" style="fill:#000000;fill-opacity:1;fill-rule:nonzero;stroke:none" id="path892"/>
        <path d="m 185.934,106.773 c 101.578,0 183.925,32.02 183.925,71.528 0,39.5 -82.347,71.523 -183.925,71.523 -101.5824,0 -183.93009,-32.023 -183.93009,-71.523 0,-39.508 82.34769,-71.528 183.93009,-71.528 z" style="fill:none;stroke:#ffffff;stroke-width:4;stroke-linecap:butt;stroke-linejoin:miter;stroke-miterlimit:4;stroke-dasharray:none;stroke-opacity:1" id="path894"/>
        <path d="m 143.926,206.27 15.191,-22.79 -57.426,-13.269 12.547,10.453 -88.7458,15.16 22.2617,16.696 85.6371,-14.508 10.535,8.258" style="fill:#ffffff;fill-opacity:1;fill-rule:nonzero;stroke:none" id="path896"/>
        <path d="m 224.727,151.02 -10.36,23.484 51.797,10.355 -8.98,-8.054 86.328,-14.735 -20.719,-16.578 -85.805,16.113 -12.261,-10.585" style="fill:#ffffff;fill-opacity:1;fill-rule:nonzero;stroke:none" id="path898"/>
        <path d="m 196.41,218.703 58.016,15.883 0.687,-24.863 -14.504,2.761 -28.312,-23.48 -27.02,3.934 29.227,22.98 -18.094,2.785" style="fill:#ffffff;fill-opacity:1;fill-rule:nonzero;stroke:none" id="path900"/>
        <path d="m 171.547,129.609 -55.246,-10.355 -2.071,25.551 15.883,-3.453 30.41,25.968 26.911,-4.558 -32.457,-28.313 16.57,-4.84" style="fill:#ffffff;fill-opacity:1;fill-rule:nonzero;stroke:none" id="path902"/>
      </g>
    </g>
    <g transform="matrix(0.35277777,0,0,-0.35277777,109.56513,34.053444)" id="g926">
      <g transform="scale(0.1)" id="g924">
        <path id="path908" style="fill:#000000;fill-opacity:1;fill-rule:nonzero;stroke:none" d="m 369.859,178.301 c 0,-39.508 -82.347,-71.528 -183.925,-71.528 -101.5824,0 -183.93009,32.02 -183.93009,71.528 V 73.5313 c 0,-39.504 82.34769,-71.52739 183.93009,-71.52739 101.578,0 183.925,32.02339 183.925,71.52739 V 178.301"/>
        <path id="path910" style="fill:none;stroke:#ffffff;stroke-width:4;stroke-linecap:butt;stroke-linejoin:miter;stroke-miterlimit:4;stroke-dasharray:none;stroke-opacity:1" d="m 369.859,178.301 c 0,-39.508 -82.347,-71.528 -183.925,-71.528 -101.5824,0 -183.93009,32.02 -183.93009,71.528 V 73.5313 c 0,-39.504 82.34769,-71.52739 183.93009,-71.52739 101.578,0 183.925,32.02339 183.925,71.52739 z"/>
        <path id="path912" style="fill:#000000;fill-opacity:1;fill-rule:nonzero;stroke:none" d="m 185.934,106.773 c 101.578,0 183.925,32.02 183.925,71.528 0,39.5 -82.347,71.523 -183.925,71.523 -101.5824,0 -183.93009,-32.023 -183.93009,-71.523 0,-39.508 82.34769,-71.528 183.93009,-71.528"/>
        <path id="path914" style="fill:none;stroke:#ffffff;stroke-width:4;stroke-linecap:butt;stroke-linejoin:miter;stroke-miterlimit:4;stroke-dasharray:none;stroke-opacity:1" d="m 185.934,106.773 c 101.578,0 183.925,32.02 183.925,71.528 0,39.5 -82.347,71.523 -183.925,71.523 -101.5824,0 -183.93009,-32.023 -183.93009,-71.523 0,-39.508 82.34769,-71.528 183.93009,-71.528 z"/>
        <path id="path916" style="fill:#ffffff;fill-opacity:1;fill-rule:nonzero;stroke:none" d="m 143.926,206.27 15.191,-22.79 -57.426,-13.269 12.547,10.453 -88.7458,15.16 22.2617,16.696 85.6371,-14.508 10.535,8.258"/>
        <path id="path918" style="fill:#ffffff;fill-opacity:1;fill-rule:nonzero;stroke:none" d="m 224.727,151.02 -10.36,23.484 51.797,10.355 -8.98,-8.054 86.328,-14.735 -20.719,-16.578 -85.805,16.113 -12.261,-10.585"/>
        <path id="path920" style="fill:#ffffff;fill-opacity:1;fill-rule:nonzero;stroke:none" d="m 196.41,218.703 58.016,15.883 0.687,-24.863 -14.504,2.761 -28.312,-23.48 -27.02,3.934 29.227,22.98 -18.094,2.785"/>
        <path id="path922" style="fill:#ffffff;fill-opacity:1;fill-rule:nonzero;stroke:none" d="m 171.547,129.609 -55.246,-10.355 -2.071,25.551 15.883,-3.453 30.41,25.968 26.911,-4.558 -32.457,-28.313 16.57,-4.84"/>
      </g>
    </g>
    <g transform="matrix(0.35277777,0,0,-0.35277777,101.82997,65.279532)" id="g955">
      <g transform="scale(0.1)" id="g957">
        <path id="path959" style="fill:#ffffff;fill-opacity:1;fill-rule:nonzero;stroke:none" d="m 285.785,422.332 c -144,28.75 -220.0037,-45 -207.9998,-108.75 L 78.75,310.109 C -33.457,291.012 -4.05078,158.582 49.7813,158.582 l 5.3007,0.172 C 41.5234,96.5273 172.656,33.1953 245.785,64.832 l 4.695,5.1524 C 276.563,14.0195 369.184,4.67188 460.785,2.33203 540.172,0.308594 586.496,6.58984 620.535,41.3828 l 5.25,-1.5508 c 127.07,-10.2109 184.942,77.555 157.16,140.578 l 6.84,1.922 c 43.309,11.457 48.309,111.457 -26,126.25 l 1.418,3.875 c 32.277,65.055 -43.82,126.402 -149.418,114.875 l -7.32,3.82 c -75.574,68.442 -293.141,57.286 -318.336,-10.406 l -4.344,1.586"/>
        <path id="path961" style="fill:none;stroke:#000000;stroke-width:4;stroke-linecap:butt;stroke-linejoin:miter;stroke-miterlimit:4;stroke-dasharray:none;stroke-opacity:1" d="m 285.785,422.332 c -144,28.75 -220.0037,-45 -207.9998,-108.75 L 78.75,310.109 C -33.457,291.012 -4.05078,158.582 49.7813,158.582 l 5.3007,0.172 C 41.5234,96.5273 172.656,33.1953 245.785,64.832 l 4.695,5.1524 C 276.563,14.0195 369.184,4.67188 460.785,2.33203 540.172,0.308594 586.496,6.58984 620.535,41.3828 l 5.25,-1.5508 c 127.07,-10.2109 184.942,77.555 157.16,140.578 l 6.84,1.922 c 43.309,11.457 48.309,111.457 -26,126.25 l 1.418,3.875 c 32.277,65.055 -43.82,126.402 -149.418,114.875 l -7.32,3.82 c -75.574,68.442 -293.141,57.286 -318.336,-10.406 z"/>
      </g>
    </g>
    <path style="opacity:0.95999995;fill:none;fill-rule:evenodd;stroke:#ff0940;stroke-width:0.26458332px;stroke-linecap:butt;stroke-linejoin:miter;stroke-opacity:1" d="M 46.487463,29.607197 H 72.006782" id="path969"/>
    <path id="path971" d="M 84.587466,29.607197 H 109.66473" style="opacity:0.95999995;fill:none;fill-rule:evenodd;stroke:#ff0940;stroke-width:0.26458332px;stroke-linecap:butt;stroke-linejoin:miter;stroke-opacity:1"/>
    <text style="font-style: normal; font-weight: normal; font-size: 3.75509px; line-height: 125%; font-family: sans-serif; letter-spacing: 0px; word-spacing: 0px; fill: rgb(0, 0, 0); fill-opacity: 1; stroke: none; stroke-width: 0.264583px; stroke-linecap: butt; stroke-linejoin: miter; stroke-opacity: 1; white-space: pre;" x="114.04487" y="58.642765" id="text975"><tspan id="tspan973" x="114.04487" y="58.642765" style="stroke-width:0.26458332px">ISP</tspan></text>
    <path style="fill:none;fill-rule:evenodd;stroke:#ff093f;stroke-width:0.26458332px;stroke-linecap:butt;stroke-linejoin:miter;stroke-opacity:0.96078432" d="M 116.16872,33.850154 V 48.537751" id="path977"/>
    <g transform="matrix(0.35277777,0,0,-0.35277777,32.869608,59.728718)" id="g1008">
      <g transform="scale(0.1)" id="g1010">
        <path id="path1012" style="fill:none;stroke:#000000;stroke-width:4;stroke-linecap:round;stroke-linejoin:round;stroke-miterlimit:4;stroke-dasharray:none;stroke-opacity:1" d="m 325.16,43.9922 c 4.074,4.8906 -18.156,11.5195 6.867,15.6328 15.981,2.625 64.391,31.0781 -49.136,32.5625"/>
        <path id="path1014" style="fill:#000000;fill-opacity:1;fill-rule:nonzero;stroke:none" d="M 65.4609,52.3125 V 80.0234 H 248.977 V 52.3125 H 65.4609"/>
        <path id="path1016" style="fill:none;stroke:#ffffff;stroke-width:4;stroke-linecap:round;stroke-linejoin:round;stroke-miterlimit:4;stroke-dasharray:none;stroke-opacity:1" d="M 65.4609,52.3125 V 80.0234 H 248.977 V 52.3125 Z"/>
        <path id="path1018" style="fill:#000000;fill-opacity:1;fill-rule:nonzero;stroke:none" d="m 248.793,52.2109 v 27.8125 l 37.023,37.6956 V 89.2344 L 248.793,52.2109"/>
        <path id="path1020" style="fill:none;stroke:#ffffff;stroke-width:4;stroke-linecap:round;stroke-linejoin:round;stroke-miterlimit:4;stroke-dasharray:none;stroke-opacity:1" d="m 248.793,52.2109 v 27.8125 l 37.023,37.6956 V 89.2344 Z"/>
        <path id="path1022" style="fill:#000000;fill-opacity:1;fill-rule:nonzero;stroke:none" d="M 65.4609,47.3125 V 80.0234 H 248.977 V 47.3125 H 65.4609"/>
        <path id="path1024" style="fill:none;stroke:#ffffff;stroke-width:4;stroke-linecap:round;stroke-linejoin:round;stroke-miterlimit:4;stroke-dasharray:none;stroke-opacity:1" d="M 65.4609,47.3125 V 80.0234 H 248.977 V 47.3125 Z"/>
        <path id="path1026" style="fill:#000000;fill-opacity:1;fill-rule:nonzero;stroke:none" d="m 248.793,47.2109 v 32.8125 l 37.023,37.6956 V 84.2344 L 248.793,47.2109"/>
        <path id="path1028" style="fill:none;stroke:#ffffff;stroke-width:4;stroke-linecap:round;stroke-linejoin:round;stroke-miterlimit:4;stroke-dasharray:none;stroke-opacity:1" d="m 248.793,47.2109 v 32.8125 l 37.023,37.6956 V 84.2344 Z"/>
        <path id="path1030" style="fill:#000000;fill-opacity:1;fill-rule:nonzero;stroke:none" d="M 298.664,122.719 272.727,85.0234 H 44.3516 L 81.0977,122.719 H 298.664"/>
        <path id="path1032" style="fill:none;stroke:#ffffff;stroke-width:4;stroke-linecap:round;stroke-linejoin:round;stroke-miterlimit:4;stroke-dasharray:none;stroke-opacity:1" d="M 298.664,122.719 272.727,85.0234 H 44.3516 l 36.7461,37.6956 z"/>
        <path id="path1034" style="fill:#000000;fill-opacity:1;fill-rule:nonzero;stroke:none" d="M 43.793,72.3125 V 85.0234 H 262.305 V 72.3125 H 43.793"/>
        <path id="path1036" style="fill:none;stroke:#ffffff;stroke-width:4;stroke-linecap:round;stroke-linejoin:round;stroke-miterlimit:4;stroke-dasharray:none;stroke-opacity:1" d="M 43.793,72.3125 V 85.0234 H 262.305 V 72.3125 Z"/>
        <path id="path1038" style="fill:#000000;fill-opacity:1;fill-rule:nonzero;stroke:none" d="m 262.125,72.2109 v 12.8125 l 37.023,37.6956 V 109.234 L 262.125,72.2109"/>
        <path id="path1040" style="fill:none;stroke:#ffffff;stroke-width:4;stroke-linecap:round;stroke-linejoin:round;stroke-miterlimit:4;stroke-dasharray:none;stroke-opacity:1" d="m 262.125,72.2109 v 12.8125 l 37.023,37.6956 v -13.485 z"/>
        <path id="path1042" style="fill:#000000;fill-opacity:1;fill-rule:nonzero;stroke:none" d="M 298.664,122.719 272.727,85.0234 H 44.3516 L 81.0977,122.719 H 298.664"/>
        <path id="path1044" style="fill:none;stroke:#ffffff;stroke-width:4;stroke-linecap:round;stroke-linejoin:round;stroke-miterlimit:4;stroke-dasharray:none;stroke-opacity:1" d="M 298.664,122.719 272.727,85.0234 H 44.3516 l 36.7461,37.6956 z"/>
        <path id="path1046" style="fill:#000000;fill-opacity:1;fill-rule:nonzero;stroke:none" d="M 43.793,72.3125 V 85.0234 H 262.305 V 72.3125 H 43.793"/>
        <path id="path1048" style="fill:none;stroke:#ffffff;stroke-width:4;stroke-linecap:round;stroke-linejoin:round;stroke-miterlimit:4;stroke-dasharray:none;stroke-opacity:1" d="M 43.793,72.3125 V 85.0234 H 262.305 V 72.3125 Z"/>
        <path id="path1050" style="fill:#000000;fill-opacity:1;fill-rule:nonzero;stroke:none" d="m 262.125,72.2109 v 12.8125 l 37.023,37.6956 V 109.234 L 262.125,72.2109"/>
        <path id="path1052" style="fill:none;stroke:#ffffff;stroke-width:4;stroke-linecap:round;stroke-linejoin:round;stroke-miterlimit:4;stroke-dasharray:none;stroke-opacity:1" d="m 262.125,72.2109 v 12.8125 l 37.023,37.6956 v -13.485 z"/>
        <path id="path1054" style="fill:#000000;fill-opacity:1;fill-rule:nonzero;stroke:none" d="M 299.844,296.023 H 102.516 L 44.7617,282.441 H 273.34 l 26.504,13.582"/>
        <path id="path1056" style="fill:none;stroke:#ffffff;stroke-width:4;stroke-linecap:round;stroke-linejoin:round;stroke-miterlimit:4;stroke-dasharray:none;stroke-opacity:1" d="M 299.844,296.023 H 102.516 L 44.7617,282.441 H 273.34 Z"/>
        <path id="path1058" style="fill:#000000;fill-opacity:1;fill-rule:nonzero;stroke:none" d="m 263.469,101.031 -10.094,8.332 H 67.9609 l 9.7891,-8.332 h 185.719"/>
        <path id="path1060" style="fill:none;stroke:#ffffff;stroke-width:4;stroke-linecap:round;stroke-linejoin:round;stroke-miterlimit:4;stroke-dasharray:none;stroke-opacity:1" d="m 263.469,101.031 -10.094,8.332 H 67.9609 l 9.7891,-8.332 z"/>
        <path id="path1062" style="fill:#000000;fill-opacity:1;fill-rule:nonzero;stroke:none" d="m 264.59,102.48 -12.774,8.551 47.266,25 -30.414,-30.097 -4.078,-3.454"/>
        <path id="path1064" style="fill:none;stroke:#ffffff;stroke-width:4;stroke-linecap:round;stroke-linejoin:round;stroke-miterlimit:4;stroke-dasharray:none;stroke-opacity:1" d="m 264.59,102.48 -12.774,8.551 47.266,25 -30.414,-30.097 z"/>
        <path id="path1066" style="fill:#000000;fill-opacity:1;fill-rule:nonzero;stroke:none" d="M 273.34,282.441 V 111.973 l 26.504,24.629 V 296.023 L 273.34,282.441"/>
        <path id="path1068" style="fill:none;stroke:#ffffff;stroke-width:4;stroke-linecap:round;stroke-linejoin:round;stroke-miterlimit:4;stroke-dasharray:none;stroke-opacity:1" d="M 273.34,282.441 V 111.973 l 26.504,24.629 v 159.421 z"/>
        <path id="path1070" style="fill:#000000;fill-opacity:1;fill-rule:nonzero;stroke:none" d="M 273.34,110.098 V 282.441 H 44.7617 V 110.098 H 273.34"/>
        <path id="path1072" style="fill:none;stroke:#ffffff;stroke-width:4;stroke-linecap:round;stroke-linejoin:round;stroke-miterlimit:4;stroke-dasharray:none;stroke-opacity:1" d="M 273.34,110.098 V 282.441 H 44.7617 V 110.098 Z"/>
        <path id="path1074" style="fill:#000000;fill-opacity:1;fill-rule:nonzero;stroke:none" d="M 254.137,2.59375 V 15.8477 l 28.597,39.5625 V 31.1914 L 254.137,2.59375"/>
        <path id="path1076" style="fill:none;stroke:#ffffff;stroke-width:4;stroke-linecap:round;stroke-linejoin:round;stroke-miterlimit:4;stroke-dasharray:none;stroke-opacity:1" d="M 254.137,2.59375 V 15.8477 l 28.597,39.5625 V 31.1914 Z"/>
        <path id="path1078" style="fill:#000000;fill-opacity:1;fill-rule:nonzero;stroke:none" d="M 254.133,15.6484 V 2.59375 H 2.00391 V 15.6484 H 254.133"/>
        <path id="path1080" style="fill:none;stroke:#ffffff;stroke-width:4;stroke-linecap:round;stroke-linejoin:round;stroke-miterlimit:4;stroke-dasharray:none;stroke-opacity:1" d="M 254.133,15.6484 V 2.59375 H 2.00391 V 15.6484 Z"/>
        <path id="path1082" style="fill:#000000;fill-opacity:1;fill-rule:nonzero;stroke:none" d="m 325.836,13.0469 16.723,33.4414 H 304.34 L 287.621,13.0469 h 38.215"/>
        <path id="path1084" style="fill:none;stroke:#ffffff;stroke-width:4;stroke-linecap:round;stroke-linejoin:round;stroke-miterlimit:4;stroke-dasharray:none;stroke-opacity:1" d="m 325.836,13.0469 16.723,33.4414 H 304.34 L 287.621,13.0469 Z"/>
        <path id="path1086" style="fill:#000000;fill-opacity:1;fill-rule:nonzero;stroke:none" d="m 287.621,13.0469 h 38.215 V 2.30078 H 287.621 V 13.0469"/>
        <path id="path1088" style="fill:none;stroke:#ffffff;stroke-width:4;stroke-linecap:round;stroke-linejoin:round;stroke-miterlimit:4;stroke-dasharray:none;stroke-opacity:1" d="m 287.621,13.0469 h 38.215 V 2.30078 h -38.215 z"/>
        <path id="path1090" style="fill:#000000;fill-opacity:1;fill-rule:nonzero;stroke:none" d="M 325.539,2.00391 325.641,13.0469 342.359,46.4883 342.262,23.5 325.539,2.00391"/>
        <path id="path1092" style="fill:none;stroke:#ffffff;stroke-width:4;stroke-linecap:round;stroke-linejoin:round;stroke-miterlimit:4;stroke-dasharray:none;stroke-opacity:1" d="M 325.539,2.00391 325.641,13.0469 342.359,46.4883 342.262,23.5 Z"/>
        <path id="path1094" style="fill:#000000;fill-opacity:1;fill-rule:nonzero;stroke:none" d="M 254.137,15.6484 H 2.80859 L 31.4063,55.4102 H 282.734 L 254.137,15.6484"/>
        <path id="path1096" style="fill:none;stroke:#ffffff;stroke-width:4;stroke-linecap:round;stroke-linejoin:round;stroke-miterlimit:4;stroke-dasharray:none;stroke-opacity:1" d="M 254.137,15.6484 H 2.80859 L 31.4063,55.4102 H 282.734 Z"/>
        <path id="path1098" style="fill:#000000;fill-opacity:1;fill-rule:nonzero;stroke:none" d="M 77.9609,264.441 H 238.5 c 10.445,0 18.918,-8.464 18.918,-18.914 V 144.105 c 0,-10.449 -8.473,-18.914 -18.918,-18.914 H 77.9609 c -10.4453,0 -18.9179,8.465 -18.9179,18.914 v 101.422 c 0,10.45 8.4726,18.914 18.9179,18.914"/>
        <path id="path1100" style="fill:none;stroke:#ffffff;stroke-width:4;stroke-linecap:round;stroke-linejoin:round;stroke-miterlimit:4;stroke-dasharray:none;stroke-opacity:1" d="M 77.9609,264.441 H 238.5 c 10.445,0 18.918,-8.464 18.918,-18.914 V 144.105 c 0,-10.449 -8.473,-18.914 -18.918,-18.914 H 77.9609 c -10.4453,0 -18.9179,8.465 -18.9179,18.914 v 101.422 c 0,10.45 8.4726,18.914 18.9179,18.914 z"/>
      </g>
    </g>
    <path id="path1149" d="M 39.439542,34.703827 V 49.066918" style="fill:none;fill-rule:evenodd;stroke:#ff093f;stroke-width:0.26458332px;stroke-linecap:butt;stroke-linejoin:miter;stroke-opacity:0.96078431"/>
    <text style="font-style: normal; font-weight: normal; font-size: 2.82222px; line-height: 125%; font-family: sans-serif; letter-spacing: 0px; word-spacing: 0px; fill: rgb(0, 0, 0); fill-opacity: 1; stroke: none; stroke-width: 0.264583px; stroke-linecap: butt; stroke-linejoin: miter; stroke-opacity: 1; white-space: pre;" x="40.864902" y="44.350033" id="text1153"><tspan id="tspan1151" x="40.864902" y="44.350033" style="stroke-width:0.26458332px">172.16.82.90/20</tspan></text>
    <text id="text1157" y="27.952982" x="49.069355" style="font-style: normal; font-weight: normal; font-size: 2.82222px; line-height: 125%; font-family: sans-serif; letter-spacing: 0px; word-spacing: 0px; fill: rgb(0, 0, 0); fill-opacity: 1; stroke: none; stroke-width: 0.264583px; stroke-linecap: butt; stroke-linejoin: miter; stroke-opacity: 1; white-space: pre;"><tspan style="stroke-width:0.26458332px" y="27.952982" x="49.069355" id="tspan1155">172.16.32.0/20</tspan></text>
    <text style="font-style: normal; font-weight: normal; font-size: 2.82222px; line-height: 125%; font-family: sans-serif; letter-spacing: 0px; word-spacing: 0px; fill: rgb(0, 0, 0); fill-opacity: 1; stroke: none; stroke-width: 0.264583px; stroke-linecap: butt; stroke-linejoin: miter; stroke-opacity: 1; white-space: pre;" x="86.093224" y="28.368248" id="text1161"><tspan id="tspan1159" x="86.093224" y="28.368248" style="stroke-width:0.26458332px">172.16.64.0/20</tspan></text>
  </g>
</svg>