<?xml version="1.0" encoding="utf-8"?>
<svg width="130.38602mm" height="130.19937mm" viewBox="0 0 461.9977 461.33635" id="svg8769" version="1.1" xmlns="http://www.w3.org/2000/svg">
  <g id="layer1" transform="translate(-114.45714,-29.230112)">
    <g transform="matrix(1.25,0,0,-1.25,474.45665,65.512703)" id="g8804">
      <g transform="scale(0.1,0.1)" id="g8806">
        <path id="path8808" style="fill:#000000;fill-opacity:1;fill-rule:nonzero;stroke:none" d="m 369.859,178.301 c 0,-39.508 -82.347,-71.528 -183.925,-71.528 -101.5824,0 -183.93009,32.02 -183.93009,71.528 l 0,-104.7697 c 0,-39.504 82.34769,-71.52739 183.93009,-71.52739 101.578,0 183.925,32.02339 183.925,71.52739 l 0,104.7697"/>
        <path id="path8810" style="fill:none;stroke:#ffffff;stroke-width:4;stroke-linecap:butt;stroke-linejoin:miter;stroke-miterlimit:4;stroke-dasharray:none;stroke-opacity:1" d="m 369.859,178.301 c 0,-39.508 -82.347,-71.528 -183.925,-71.528 -101.5824,0 -183.93009,32.02 -183.93009,71.528 l 0,-104.7697 c 0,-39.504 82.34769,-71.52739 183.93009,-71.52739 101.578,0 183.925,32.02339 183.925,71.52739 l 0,104.7697 z"/>
        <path id="path8812" style="fill:#000000;fill-opacity:1;fill-rule:nonzero;stroke:none" d="m 185.934,106.773 c 101.578,0 183.925,32.02 183.925,71.528 0,39.5 -82.347,71.523 -183.925,71.523 -101.5824,0 -183.93009,-32.023 -183.93009,-71.523 0,-39.508 82.34769,-71.528 183.93009,-71.528"/>
        <path id="path8814" style="fill:none;stroke:#ffffff;stroke-width:4;stroke-linecap:butt;stroke-linejoin:miter;stroke-miterlimit:4;stroke-dasharray:none;stroke-opacity:1" d="m 185.934,106.773 c 101.578,0 183.925,32.02 183.925,71.528 0,39.5 -82.347,71.523 -183.925,71.523 -101.5824,0 -183.93009,-32.023 -183.93009,-71.523 0,-39.508 82.34769,-71.528 183.93009,-71.528 z"/>
        <path id="path8816" style="fill:#ffffff;fill-opacity:1;fill-rule:nonzero;stroke:none" d="m 143.926,206.27 15.191,-22.79 -57.426,-13.269 12.547,10.453 -88.7458,15.16 22.2617,16.696 85.6371,-14.508 10.535,8.258"/>
        <path id="path8818" style="fill:#ffffff;fill-opacity:1;fill-rule:nonzero;stroke:none" d="m 224.727,151.02 -10.36,23.484 51.797,10.355 -8.98,-8.054 86.328,-14.735 -20.719,-16.578 -85.805,16.113 -12.261,-10.585"/>
        <path id="path8820" style="fill:#ffffff;fill-opacity:1;fill-rule:nonzero;stroke:none" d="m 196.41,218.703 58.016,15.883 0.687,-24.863 -14.504,2.761 -28.312,-23.48 -27.02,3.934 29.227,22.98 -18.094,2.785"/>
        <path id="path8822" style="fill:#ffffff;fill-opacity:1;fill-rule:nonzero;stroke:none" d="m 171.547,129.609 -55.246,-10.355 -2.071,25.551 15.883,-3.453 30.41,25.968 26.911,-4.558 -32.457,-28.313 16.57,-4.84"/>
      </g>
    </g>
    <g id="g8834" transform="matrix(1.25,0,0,-1.25,414.45665,205.5127)">
      <g id="g8836" transform="scale(0.1,0.1)">
        <path d="m 369.859,178.301 c 0,-39.508 -82.347,-71.528 -183.925,-71.528 -101.5824,0 -183.93009,32.02 -183.93009,71.528 l 0,-104.7697 c 0,-39.504 82.34769,-71.52739 183.93009,-71.52739 101.578,0 183.925,32.02339 183.925,71.52739 l 0,104.7697" style="fill:#000000;fill-opacity:1;fill-rule:nonzero;stroke:none" id="path8838"/>
        <path d="m 369.859,178.301 c 0,-39.508 -82.347,-71.528 -183.925,-71.528 -101.5824,0 -183.93009,32.02 -183.93009,71.528 l 0,-104.7697 c 0,-39.504 82.34769,-71.52739 183.93009,-71.52739 101.578,0 183.925,32.02339 183.925,71.52739 l 0,104.7697 z" style="fill:none;stroke:#ffffff;stroke-width:4;stroke-linecap:butt;stroke-linejoin:miter;stroke-miterlimit:4;stroke-dasharray:none;stroke-opacity:1" id="path8840"/>
        <path d="m 185.934,106.773 c 101.578,0 183.925,32.02 183.925,71.528 0,39.5 -82.347,71.523 -183.925,71.523 -101.5824,0 -183.93009,-32.023 -183.93009,-71.523 0,-39.508 82.34769,-71.528 183.93009,-71.528" style="fill:#000000;fill-opacity:1;fill-rule:nonzero;stroke:none" id="path8842"/>
        <path d="m 185.934,106.773 c 101.578,0 183.925,32.02 183.925,71.528 0,39.5 -82.347,71.523 -183.925,71.523 -101.5824,0 -183.93009,-32.023 -183.93009,-71.523 0,-39.508 82.34769,-71.528 183.93009,-71.528 z" style="fill:none;stroke:#ffffff;stroke-width:4;stroke-linecap:butt;stroke-linejoin:miter;stroke-miterlimit:4;stroke-dasharray:none;stroke-opacity:1" id="path8844"/>
        <path d="m 143.926,206.27 15.191,-22.79 -57.426,-13.269 12.547,10.453 -88.7458,15.16 22.2617,16.696 85.6371,-14.508 10.535,8.258" style="fill:#ffffff;fill-opacity:1;fill-rule:nonzero;stroke:none" id="path8846"/>
        <path d="m 224.727,151.02 -10.36,23.484 51.797,10.355 -8.98,-8.054 86.328,-14.735 -20.719,-16.578 -85.805,16.113 -12.261,-10.585" style="fill:#ffffff;fill-opacity:1;fill-rule:nonzero;stroke:none" id="path8848"/>
        <path d="m 196.41,218.703 58.016,15.883 0.687,-24.863 -14.504,2.761 -28.312,-23.48 -27.02,3.934 29.227,22.98 -18.094,2.785" style="fill:#ffffff;fill-opacity:1;fill-rule:nonzero;stroke:none" id="path8850"/>
        <path d="m 171.547,129.609 -55.246,-10.355 -2.071,25.551 15.883,-3.453 30.41,25.968 26.911,-4.558 -32.457,-28.313 16.57,-4.84" style="fill:#ffffff;fill-opacity:1;fill-rule:nonzero;stroke:none" id="path8852"/>
      </g>
    </g>
    <path style="fill:none;fill-rule:evenodd;stroke:#000000;stroke-width:1px;stroke-linecap:butt;stroke-linejoin:miter;stroke-opacity:1" d="m 499.03439,60.959922 0,46.665428" id="path8854"/>
    <path style="fill:none;fill-rule:evenodd;stroke:#000000;stroke-width:1px;stroke-linecap:butt;stroke-linejoin:miter;stroke-opacity:1" d="m 430.94095,108.5777 125.71096,0" id="path8858"/>
    <path style="fill:none;fill-rule:evenodd;stroke:#000000;stroke-width:1px;stroke-linecap:butt;stroke-linejoin:miter;stroke-opacity:1" d="m 440.94069,108.5777 0,69.0458" id="path8860"/>
    <g id="g8862" transform="matrix(-1.25,0,0,-1.25,196.6524,205.5127)">
      <g id="g8864" transform="scale(0.1,0.1)">
        <path d="m 369.859,178.301 c 0,-39.508 -82.347,-71.528 -183.925,-71.528 -101.5824,0 -183.93009,32.02 -183.93009,71.528 l 0,-104.7697 c 0,-39.504 82.34769,-71.52739 183.93009,-71.52739 101.578,0 183.925,32.02339 183.925,71.52739 l 0,104.7697" style="fill:#000000;fill-opacity:1;fill-rule:nonzero;stroke:none" id="path8866"/>
        <path d="m 369.859,178.301 c 0,-39.508 -82.347,-71.528 -183.925,-71.528 -101.5824,0 -183.93009,32.02 -183.93009,71.528 l 0,-104.7697 c 0,-39.504 82.34769,-71.52739 183.93009,-71.52739 101.578,0 183.925,32.02339 183.925,71.52739 l 0,104.7697 z" style="fill:none;stroke:#ffffff;stroke-width:4;stroke-linecap:butt;stroke-linejoin:miter;stroke-miterlimit:4;stroke-dasharray:none;stroke-opacity:1" id="path8868"/>
        <path d="m 185.934,106.773 c 101.578,0 183.925,32.02 183.925,71.528 0,39.5 -82.347,71.523 -183.925,71.523 -101.5824,0 -183.93009,-32.023 -183.93009,-71.523 0,-39.508 82.34769,-71.528 183.93009,-71.528" style="fill:#000000;fill-opacity:1;fill-rule:nonzero;stroke:none" id="path8870"/>
        <path d="m 185.934,106.773 c 101.578,0 183.925,32.02 183.925,71.528 0,39.5 -82.347,71.523 -183.925,71.523 -101.5824,0 -183.93009,-32.023 -183.93009,-71.523 0,-39.508 82.34769,-71.528 183.93009,-71.528 z" style="fill:none;stroke:#ffffff;stroke-width:4;stroke-linecap:butt;stroke-linejoin:miter;stroke-miterlimit:4;stroke-dasharray:none;stroke-opacity:1" id="path8872"/>
        <path d="m 143.926,206.27 15.191,-22.79 -57.426,-13.269 12.547,10.453 -88.7458,15.16 22.2617,16.696 85.6371,-14.508 10.535,8.258" style="fill:#ffffff;fill-opacity:1;fill-rule:nonzero;stroke:none" id="path8874"/>
        <path d="m 224.727,151.02 -10.36,23.484 51.797,10.355 -8.98,-8.054 86.328,-14.735 -20.719,-16.578 -85.805,16.113 -12.261,-10.585" style="fill:#ffffff;fill-opacity:1;fill-rule:nonzero;stroke:none" id="path8876"/>
        <path d="m 196.41,218.703 58.016,15.883 0.687,-24.863 -14.504,2.761 -28.312,-23.48 -27.02,3.934 29.227,22.98 -18.094,2.785" style="fill:#ffffff;fill-opacity:1;fill-rule:nonzero;stroke:none" id="path8878"/>
        <path d="m 171.547,129.609 -55.246,-10.355 -2.071,25.551 15.883,-3.453 30.41,25.968 26.911,-4.558 -32.457,-28.313 16.57,-4.84" style="fill:#ffffff;fill-opacity:1;fill-rule:nonzero;stroke:none" id="path8880"/>
      </g>
    </g>
    <g transform="matrix(-1.25,0,0,-1.25,256.6524,345.5127)" id="g8882">
      <g transform="scale(0.1,0.1)" id="g8884">
        <path id="path8886" style="fill:#000000;fill-opacity:1;fill-rule:nonzero;stroke:none" d="m 369.859,178.301 c 0,-39.508 -82.347,-71.528 -183.925,-71.528 -101.5824,0 -183.93009,32.02 -183.93009,71.528 l 0,-104.7697 c 0,-39.504 82.34769,-71.52739 183.93009,-71.52739 101.578,0 183.925,32.02339 183.925,71.52739 l 0,104.7697"/>
        <path id="path8888" style="fill:none;stroke:#ffffff;stroke-width:4;stroke-linecap:butt;stroke-linejoin:miter;stroke-miterlimit:4;stroke-dasharray:none;stroke-opacity:1" d="m 369.859,178.301 c 0,-39.508 -82.347,-71.528 -183.925,-71.528 -101.5824,0 -183.93009,32.02 -183.93009,71.528 l 0,-104.7697 c 0,-39.504 82.34769,-71.52739 183.93009,-71.52739 101.578,0 183.925,32.02339 183.925,71.52739 l 0,104.7697 z"/>
        <path id="path8890" style="fill:#000000;fill-opacity:1;fill-rule:nonzero;stroke:none" d="m 185.934,106.773 c 101.578,0 183.925,32.02 183.925,71.528 0,39.5 -82.347,71.523 -183.925,71.523 -101.5824,0 -183.93009,-32.023 -183.93009,-71.523 0,-39.508 82.34769,-71.528 183.93009,-71.528"/>
        <path id="path8892" style="fill:none;stroke:#ffffff;stroke-width:4;stroke-linecap:butt;stroke-linejoin:miter;stroke-miterlimit:4;stroke-dasharray:none;stroke-opacity:1" d="m 185.934,106.773 c 101.578,0 183.925,32.02 183.925,71.528 0,39.5 -82.347,71.523 -183.925,71.523 -101.5824,0 -183.93009,-32.023 -183.93009,-71.523 0,-39.508 82.34769,-71.528 183.93009,-71.528 z"/>
        <path id="path8894" style="fill:#ffffff;fill-opacity:1;fill-rule:nonzero;stroke:none" d="m 143.926,206.27 15.191,-22.79 -57.426,-13.269 12.547,10.453 -88.7458,15.16 22.2617,16.696 85.6371,-14.508 10.535,8.258"/>
        <path id="path8896" style="fill:#ffffff;fill-opacity:1;fill-rule:nonzero;stroke:none" d="m 224.727,151.02 -10.36,23.484 51.797,10.355 -8.98,-8.054 86.328,-14.735 -20.719,-16.578 -85.805,16.113 -12.261,-10.585"/>
        <path id="path8898" style="fill:#ffffff;fill-opacity:1;fill-rule:nonzero;stroke:none" d="m 196.41,218.703 58.016,15.883 0.687,-24.863 -14.504,2.761 -28.312,-23.48 -27.02,3.934 29.227,22.98 -18.094,2.785"/>
        <path id="path8900" style="fill:#ffffff;fill-opacity:1;fill-rule:nonzero;stroke:none" d="m 171.547,129.609 -55.246,-10.355 -2.071,25.551 15.883,-3.453 30.41,25.968 26.911,-4.558 -32.457,-28.313 16.57,-4.84"/>
      </g>
    </g>
    <path id="path8902" d="m 172.07466,200.95992 0,46.66543" style="fill:none;fill-rule:evenodd;stroke:#000000;stroke-width:1px;stroke-linecap:butt;stroke-linejoin:miter;stroke-opacity:1"/>
    <path id="path8904" d="m 400.1681,248.5777 -285.71096,0" style="fill:none;fill-rule:evenodd;stroke:#000000;stroke-width:1px;stroke-linecap:butt;stroke-linejoin:miter;stroke-opacity:1"/>
    <path id="path8906" d="m 230.16836,248.5777 0,69.0458" style="fill:none;fill-rule:evenodd;stroke:#000000;stroke-width:1px;stroke-linecap:butt;stroke-linejoin:miter;stroke-opacity:1"/>
    <g id="g8908" transform="matrix(-1.25,0,0,-1.25,396.6524,345.5127)">
      <g id="g8910" transform="scale(0.1,0.1)">
        <path d="m 369.859,178.301 c 0,-39.508 -82.347,-71.528 -183.925,-71.528 -101.5824,0 -183.93009,32.02 -183.93009,71.528 l 0,-104.7697 c 0,-39.504 82.34769,-71.52739 183.93009,-71.52739 101.578,0 183.925,32.02339 183.925,71.52739 l 0,104.7697" style="fill:#000000;fill-opacity:1;fill-rule:nonzero;stroke:none" id="path8912"/>
        <path d="m 369.859,178.301 c 0,-39.508 -82.347,-71.528 -183.925,-71.528 -101.5824,0 -183.93009,32.02 -183.93009,71.528 l 0,-104.7697 c 0,-39.504 82.34769,-71.52739 183.93009,-71.52739 101.578,0 183.925,32.02339 183.925,71.52739 l 0,104.7697 z" style="fill:none;stroke:#ffffff;stroke-width:4;stroke-linecap:butt;stroke-linejoin:miter;stroke-miterlimit:4;stroke-dasharray:none;stroke-opacity:1" id="path8914"/>
        <path d="m 185.934,106.773 c 101.578,0 183.925,32.02 183.925,71.528 0,39.5 -82.347,71.523 -183.925,71.523 -101.5824,0 -183.93009,-32.023 -183.93009,-71.523 0,-39.508 82.34769,-71.528 183.93009,-71.528" style="fill:#000000;fill-opacity:1;fill-rule:nonzero;stroke:none" id="path8916"/>
        <path d="m 185.934,106.773 c 101.578,0 183.925,32.02 183.925,71.528 0,39.5 -82.347,71.523 -183.925,71.523 -101.5824,0 -183.93009,-32.023 -183.93009,-71.523 0,-39.508 82.34769,-71.528 183.93009,-71.528 z" style="fill:none;stroke:#ffffff;stroke-width:4;stroke-linecap:butt;stroke-linejoin:miter;stroke-miterlimit:4;stroke-dasharray:none;stroke-opacity:1" id="path8918"/>
        <path d="m 143.926,206.27 15.191,-22.79 -57.426,-13.269 12.547,10.453 -88.7458,15.16 22.2617,16.696 85.6371,-14.508 10.535,8.258" style="fill:#ffffff;fill-opacity:1;fill-rule:nonzero;stroke:none" id="path8920"/>
        <path d="m 224.727,151.02 -10.36,23.484 51.797,10.355 -8.98,-8.054 86.328,-14.735 -20.719,-16.578 -85.805,16.113 -12.261,-10.585" style="fill:#ffffff;fill-opacity:1;fill-rule:nonzero;stroke:none" id="path8922"/>
        <path d="m 196.41,218.703 58.016,15.883 0.687,-24.863 -14.504,2.761 -28.312,-23.48 -27.02,3.934 29.227,22.98 -18.094,2.785" style="fill:#ffffff;fill-opacity:1;fill-rule:nonzero;stroke:none" id="path8924"/>
        <path d="m 171.547,129.609 -55.246,-10.355 -2.071,25.551 15.883,-3.453 30.41,25.968 26.911,-4.558 -32.457,-28.313 16.57,-4.84" style="fill:#ffffff;fill-opacity:1;fill-rule:nonzero;stroke:none" id="path8926"/>
      </g>
    </g>
    <path style="fill:none;fill-rule:evenodd;stroke:#000000;stroke-width:1px;stroke-linecap:butt;stroke-linejoin:miter;stroke-opacity:1" d="m 370.16836,248.5777 0,69.0458" id="path8928"/>
    <g id="g8930" transform="matrix(-1.25,0,0,-1.25,336.6524,485.5127)">
      <g id="g8932" transform="scale(0.1,0.1)">
        <path d="m 369.859,178.301 c 0,-39.508 -82.347,-71.528 -183.925,-71.528 -101.5824,0 -183.93009,32.02 -183.93009,71.528 l 0,-104.7697 c 0,-39.504 82.34769,-71.52739 183.93009,-71.52739 101.578,0 183.925,32.02339 183.925,71.52739 l 0,104.7697" style="fill:#000000;fill-opacity:1;fill-rule:nonzero;stroke:none" id="path8934"/>
        <path d="m 369.859,178.301 c 0,-39.508 -82.347,-71.528 -183.925,-71.528 -101.5824,0 -183.93009,32.02 -183.93009,71.528 l 0,-104.7697 c 0,-39.504 82.34769,-71.52739 183.93009,-71.52739 101.578,0 183.925,32.02339 183.925,71.52739 l 0,104.7697 z" style="fill:none;stroke:#ffffff;stroke-width:4;stroke-linecap:butt;stroke-linejoin:miter;stroke-miterlimit:4;stroke-dasharray:none;stroke-opacity:1" id="path8936"/>
        <path d="m 185.934,106.773 c 101.578,0 183.925,32.02 183.925,71.528 0,39.5 -82.347,71.523 -183.925,71.523 -101.5824,0 -183.93009,-32.023 -183.93009,-71.523 0,-39.508 82.34769,-71.528 183.93009,-71.528" style="fill:#000000;fill-opacity:1;fill-rule:nonzero;stroke:none" id="path8938"/>
        <path d="m 185.934,106.773 c 101.578,0 183.925,32.02 183.925,71.528 0,39.5 -82.347,71.523 -183.925,71.523 -101.5824,0 -183.93009,-32.023 -183.93009,-71.523 0,-39.508 82.34769,-71.528 183.93009,-71.528 z" style="fill:none;stroke:#ffffff;stroke-width:4;stroke-linecap:butt;stroke-linejoin:miter;stroke-miterlimit:4;stroke-dasharray:none;stroke-opacity:1" id="path8940"/>
        <path d="m 143.926,206.27 15.191,-22.79 -57.426,-13.269 12.547,10.453 -88.7458,15.16 22.2617,16.696 85.6371,-14.508 10.535,8.258" style="fill:#ffffff;fill-opacity:1;fill-rule:nonzero;stroke:none" id="path8942"/>
        <path d="m 224.727,151.02 -10.36,23.484 51.797,10.355 -8.98,-8.054 86.328,-14.735 -20.719,-16.578 -85.805,16.113 -12.261,-10.585" style="fill:#ffffff;fill-opacity:1;fill-rule:nonzero;stroke:none" id="path8944"/>
        <path d="m 196.41,218.703 58.016,15.883 0.687,-24.863 -14.504,2.761 -28.312,-23.48 -27.02,3.934 29.227,22.98 -18.094,2.785" style="fill:#ffffff;fill-opacity:1;fill-rule:nonzero;stroke:none" id="path8946"/>
        <path d="m 171.547,129.609 -55.246,-10.355 -2.071,25.551 15.883,-3.453 30.41,25.968 26.911,-4.558 -32.457,-28.313 16.57,-4.84" style="fill:#ffffff;fill-opacity:1;fill-rule:nonzero;stroke:none" id="path8948"/>
      </g>
    </g>
    <path style="fill:none;fill-rule:evenodd;stroke:#000000;stroke-width:1px;stroke-linecap:butt;stroke-linejoin:miter;stroke-opacity:1" d="m 470.1681,388.5777 -173.71096,0" id="path8950"/>
    <path style="fill:none;fill-rule:evenodd;stroke:#000000;stroke-width:1px;stroke-linecap:butt;stroke-linejoin:miter;stroke-opacity:1" d="m 310.16836,388.5777 0,69.0458" id="path8952"/>
    <g transform="matrix(-1.25,0,0,-1.25,476.6524,485.5127)" id="g8954">
      <g transform="scale(0.1,0.1)" id="g8956">
        <path id="path8958" style="fill:#000000;fill-opacity:1;fill-rule:nonzero;stroke:none" d="m 369.859,178.301 c 0,-39.508 -82.347,-71.528 -183.925,-71.528 -101.5824,0 -183.93009,32.02 -183.93009,71.528 l 0,-104.7697 c 0,-39.504 82.34769,-71.52739 183.93009,-71.52739 101.578,0 183.925,32.02339 183.925,71.52739 l 0,104.7697"/>
        <path id="path8960" style="fill:none;stroke:#ffffff;stroke-width:4;stroke-linecap:butt;stroke-linejoin:miter;stroke-miterlimit:4;stroke-dasharray:none;stroke-opacity:1" d="m 369.859,178.301 c 0,-39.508 -82.347,-71.528 -183.925,-71.528 -101.5824,0 -183.93009,32.02 -183.93009,71.528 l 0,-104.7697 c 0,-39.504 82.34769,-71.52739 183.93009,-71.52739 101.578,0 183.925,32.02339 183.925,71.52739 l 0,104.7697 z"/>
        <path id="path8962" style="fill:#000000;fill-opacity:1;fill-rule:nonzero;stroke:none" d="m 185.934,106.773 c 101.578,0 183.925,32.02 183.925,71.528 0,39.5 -82.347,71.523 -183.925,71.523 -101.5824,0 -183.93009,-32.023 -183.93009,-71.523 0,-39.508 82.34769,-71.528 183.93009,-71.528"/>
        <path id="path8964" style="fill:none;stroke:#ffffff;stroke-width:4;stroke-linecap:butt;stroke-linejoin:miter;stroke-miterlimit:4;stroke-dasharray:none;stroke-opacity:1" d="m 185.934,106.773 c 101.578,0 183.925,32.02 183.925,71.528 0,39.5 -82.347,71.523 -183.925,71.523 -101.5824,0 -183.93009,-32.023 -183.93009,-71.523 0,-39.508 82.34769,-71.528 183.93009,-71.528 z"/>
        <path id="path8966" style="fill:#ffffff;fill-opacity:1;fill-rule:nonzero;stroke:none" d="m 143.926,206.27 15.191,-22.79 -57.426,-13.269 12.547,10.453 -88.7458,15.16 22.2617,16.696 85.6371,-14.508 10.535,8.258"/>
        <path id="path8968" style="fill:#ffffff;fill-opacity:1;fill-rule:nonzero;stroke:none" d="m 224.727,151.02 -10.36,23.484 51.797,10.355 -8.98,-8.054 86.328,-14.735 -20.719,-16.578 -85.805,16.113 -12.261,-10.585"/>
        <path id="path8970" style="fill:#ffffff;fill-opacity:1;fill-rule:nonzero;stroke:none" d="m 196.41,218.703 58.016,15.883 0.687,-24.863 -14.504,2.761 -28.312,-23.48 -27.02,3.934 29.227,22.98 -18.094,2.785"/>
        <path id="path8972" style="fill:#ffffff;fill-opacity:1;fill-rule:nonzero;stroke:none" d="m 171.547,129.609 -55.246,-10.355 -2.071,25.551 15.883,-3.453 30.41,25.968 26.911,-4.558 -32.457,-28.313 16.57,-4.84"/>
      </g>
    </g>
    <path id="path8974" d="m 450.16836,388.5777 0,69.0458" style="fill:none;fill-rule:evenodd;stroke:#000000;stroke-width:1px;stroke-linecap:butt;stroke-linejoin:miter;stroke-opacity:1"/>
    <path style="fill:none;fill-rule:evenodd;stroke:#000000;stroke-width:1px;stroke-linecap:butt;stroke-linejoin:miter;stroke-opacity:1" d="m 370.39532,338.3908 0,50.37666" id="path8982"/>
    <g transform="matrix(-1.25,0,0,-1.25,196.6524,485.5127)" id="g9028">
      <g transform="scale(0.1,0.1)" id="g9030">
        <path id="path9032" style="fill:#000000;fill-opacity:1;fill-rule:nonzero;stroke:none" d="m 369.859,178.301 c 0,-39.508 -82.347,-71.528 -183.925,-71.528 -101.5824,0 -183.93009,32.02 -183.93009,71.528 l 0,-104.7697 c 0,-39.504 82.34769,-71.52739 183.93009,-71.52739 101.578,0 183.925,32.02339 183.925,71.52739 l 0,104.7697"/>
        <path id="path9034" style="fill:none;stroke:#ffffff;stroke-width:4;stroke-linecap:butt;stroke-linejoin:miter;stroke-miterlimit:4;stroke-dasharray:none;stroke-opacity:1" d="m 369.859,178.301 c 0,-39.508 -82.347,-71.528 -183.925,-71.528 -101.5824,0 -183.93009,32.02 -183.93009,71.528 l 0,-104.7697 c 0,-39.504 82.34769,-71.52739 183.93009,-71.52739 101.578,0 183.925,32.02339 183.925,71.52739 l 0,104.7697 z"/>
        <path id="path9036" style="fill:#000000;fill-opacity:1;fill-rule:nonzero;stroke:none" d="m 185.934,106.773 c 101.578,0 183.925,32.02 183.925,71.528 0,39.5 -82.347,71.523 -183.925,71.523 -101.5824,0 -183.93009,-32.023 -183.93009,-71.523 0,-39.508 82.34769,-71.528 183.93009,-71.528"/>
        <path id="path9038" style="fill:none;stroke:#ffffff;stroke-width:4;stroke-linecap:butt;stroke-linejoin:miter;stroke-miterlimit:4;stroke-dasharray:none;stroke-opacity:1" d="m 185.934,106.773 c 101.578,0 183.925,32.02 183.925,71.528 0,39.5 -82.347,71.523 -183.925,71.523 -101.5824,0 -183.93009,-32.023 -183.93009,-71.523 0,-39.508 82.34769,-71.528 183.93009,-71.528 z"/>
        <path id="path9040" style="fill:#ffffff;fill-opacity:1;fill-rule:nonzero;stroke:none" d="m 143.926,206.27 15.191,-22.79 -57.426,-13.269 12.547,10.453 -88.7458,15.16 22.2617,16.696 85.6371,-14.508 10.535,8.258"/>
        <path id="path9042" style="fill:#ffffff;fill-opacity:1;fill-rule:nonzero;stroke:none" d="m 224.727,151.02 -10.36,23.484 51.797,10.355 -8.98,-8.054 86.328,-14.735 -20.719,-16.578 -85.805,16.113 -12.261,-10.585"/>
        <path id="path9044" style="fill:#ffffff;fill-opacity:1;fill-rule:nonzero;stroke:none" d="m 196.41,218.703 58.016,15.883 0.687,-24.863 -14.504,2.761 -28.312,-23.48 -27.02,3.934 29.227,22.98 -18.094,2.785"/>
        <path id="path9046" style="fill:#ffffff;fill-opacity:1;fill-rule:nonzero;stroke:none" d="m 171.547,129.609 -55.246,-10.355 -2.071,25.551 15.883,-3.453 30.41,25.968 26.911,-4.558 -32.457,-28.313 16.57,-4.84"/>
      </g>
    </g>
    <path id="path9048" d="m 170.16836,388.5777 0,69.0458" style="fill:none;fill-rule:evenodd;stroke:#000000;stroke-width:1px;stroke-linecap:butt;stroke-linejoin:miter;stroke-opacity:1"/>
    <path id="path9050" d="m 230.39532,338.3908 0,50.37666" style="fill:none;fill-rule:evenodd;stroke:#000000;stroke-width:1px;stroke-linecap:butt;stroke-linejoin:miter;stroke-opacity:1"/>
    <path id="path9052" d="m 250.1681,388.5777 -93.71096,0" style="fill:none;fill-rule:evenodd;stroke:#000000;stroke-width:1px;stroke-linecap:butt;stroke-linejoin:miter;stroke-opacity:1"/>
    <text style="font-style: normal; font-weight: normal; font-size: 20px; line-height: 125%; font-family: sans-serif; letter-spacing: 0px; word-spacing: 0px; fill: rgb(0, 0, 0); fill-opacity: 1; stroke: none; stroke-width: 1px; stroke-linecap: butt; stroke-linejoin: miter; stroke-opacity: 1; white-space: pre;" x="529" y="57.362206" id="text9054"><tspan id="tspan9056" x="529" y="57.362206">A</tspan></text>
    <text id="text9058" y="197.36221" x="117" style="font-style: normal; font-weight: normal; font-size: 20px; line-height: 125%; font-family: sans-serif; letter-spacing: 0px; word-spacing: 0px; fill: rgb(0, 0, 0); fill-opacity: 1; stroke: none; stroke-width: 1px; stroke-linecap: butt; stroke-linejoin: miter; stroke-opacity: 1; white-space: pre;"><tspan y="197.36221" x="117" id="tspan9060">C</tspan></text>
    <text style="font-style: normal; font-weight: normal; font-size: 20px; line-height: 125%; font-family: sans-serif; letter-spacing: 0px; word-spacing: 0px; fill: rgb(0, 0, 0); fill-opacity: 1; stroke: none; stroke-width: 1px; stroke-linecap: butt; stroke-linejoin: miter; stroke-opacity: 1; white-space: pre;" x="473" y="197.36221" id="text9062"><tspan id="tspan9064" x="473" y="197.36221">B</tspan></text>
    <text id="text9066" y="337.36221" x="267" style="font-style: normal; font-weight: normal; font-size: 20px; line-height: 125%; font-family: sans-serif; letter-spacing: 0px; word-spacing: 0px; fill: rgb(0, 0, 0); fill-opacity: 1; stroke: none; stroke-width: 1px; stroke-linecap: butt; stroke-linejoin: miter; stroke-opacity: 1; white-space: pre;"><tspan y="337.36221" x="267" id="tspan9068">D</tspan></text>
    <text style="font-style: normal; font-weight: normal; font-size: 20px; line-height: 125%; font-family: sans-serif; letter-spacing: 0px; word-spacing: 0px; fill: rgb(0, 0, 0); fill-opacity: 1; stroke: none; stroke-width: 1px; stroke-linecap: butt; stroke-linejoin: miter; stroke-opacity: 1; white-space: pre;" x="407" y="337.36221" id="text9070"><tspan id="tspan9072" x="407" y="337.36221">F</tspan></text>
    <text id="text9074" y="477.36221" x="207" style="font-style: normal; font-weight: normal; font-size: 20px; line-height: 125%; font-family: sans-serif; letter-spacing: 0px; word-spacing: 0px; fill: rgb(0, 0, 0); fill-opacity: 1; stroke: none; stroke-width: 1px; stroke-linecap: butt; stroke-linejoin: miter; stroke-opacity: 1; white-space: pre;"><tspan y="477.36221" x="207" id="tspan9076">E</tspan></text>
    <text style="font-style: normal; font-weight: normal; font-size: 20px; line-height: 125%; font-family: sans-serif; letter-spacing: 0px; word-spacing: 0px; fill: rgb(0, 0, 0); fill-opacity: 1; stroke: none; stroke-width: 1px; stroke-linecap: butt; stroke-linejoin: miter; stroke-opacity: 1; white-space: pre;" x="347" y="477.36221" id="text9078"><tspan id="tspan9080" x="347" y="477.36221">G</tspan></text>
    <text id="text9082" y="477.36221" x="487" style="font-style: normal; font-weight: normal; font-size: 20px; line-height: 125%; font-family: sans-serif; letter-spacing: 0px; word-spacing: 0px; fill: rgb(0, 0, 0); fill-opacity: 1; stroke: none; stroke-width: 1px; stroke-linecap: butt; stroke-linejoin: miter; stroke-opacity: 1; white-space: pre;"><tspan y="477.36221" x="487" id="tspan9084">H</tspan></text>
    <path style="fill:none;fill-rule:evenodd;stroke:#000000;stroke-width:1px;stroke-linecap:butt;stroke-linejoin:miter;stroke-opacity:1" d="m 190.9145,196.95231 28.58424,0" id="path9178"/>
    <path style="fill:none;fill-rule:evenodd;stroke:#000000;stroke-width:1px;stroke-linecap:butt;stroke-linejoin:miter;stroke-opacity:1" d="m 396.65046,194.12918 22.93797,0" id="path9180"/>
    <path style="fill:none;fill-rule:evenodd;stroke:#ff0000;stroke-width:1px;stroke-linecap:butt;stroke-linejoin:miter;stroke-opacity:1" d="m 256.90528,191.30604 109.04359,0" id="path9182"/>
    <g id="g9152" transform="matrix(1.25,0,0,-1.25,354.07839,202.00187)">
      <g id="g9154" transform="scale(0.1,0.1)">
        <path d="m 6.07031,5.64063 297.781,0 0,74.4414 -297.781,0 0,-74.4414 z" style="fill:#000000;fill-opacity:1;fill-rule:nonzero;stroke:none" id="path9156"/>
        <path d="m 6.07031,5.64063 297.781,0 0,74.4414 -297.781,0 0,-74.4414 z" style="fill:none;stroke:#ffffff;stroke-width:4;stroke-linecap:butt;stroke-linejoin:miter;stroke-miterlimit:4;stroke-dasharray:none;stroke-opacity:1" id="path9158"/>
        <path d="m 303.852,5.26953 0,74.81247 -297.93012,0 73.65232,56.152 285.1718,0 0,-62.3121 -60.894,-68.65237" style="fill:#000000;fill-opacity:1;fill-rule:nonzero;stroke:none" id="path9160"/>
        <path d="m 303.852,5.26953 0,74.81247 -297.93012,0 73.65232,56.152 285.1718,0 0,-62.3121 -60.894,-68.65237 z" style="fill:none;stroke:#ffffff;stroke-width:4;stroke-linecap:butt;stroke-linejoin:miter;stroke-miterlimit:4;stroke-dasharray:none;stroke-opacity:1" id="path9162"/>
        <path d="m 307.008,81.4258 53.394,53.6522" style="fill:#000000;fill-opacity:1;fill-rule:nonzero;stroke:none" id="path9164"/>
        <path d="m 307.008,81.4258 53.394,53.6522" style="fill:none;stroke:#ffffff;stroke-width:4;stroke-linecap:butt;stroke-linejoin:miter;stroke-miterlimit:4;stroke-dasharray:none;stroke-opacity:1" id="path9166"/>
        <path d="m 57.5352,30.0898 c 5.8593,0 10.6093,4.75 10.6093,10.6055 0,5.8594 -4.75,10.6055 -10.6093,10.6055 -5.8555,0 -10.6055,-4.7461 -10.6055,-10.6055 0,-5.8555 4.75,-10.6055 10.6055,-10.6055" style="fill:#ffffff;fill-opacity:1;fill-rule:nonzero;stroke:none" id="path9168"/>
        <path d="m 105.035,30.0898 c 5.86,0 10.61,4.75 10.61,10.6055 0,5.8594 -4.75,10.6055 -10.61,10.6055 -5.8553,0 -10.6053,-4.7461 -10.6053,-10.6055 0,-5.8555 4.75,-10.6055 10.6053,-10.6055" style="fill:#ffffff;fill-opacity:1;fill-rule:nonzero;stroke:none" id="path9170"/>
        <path d="m 152.535,30.0898 c 5.86,0 10.61,4.75 10.61,10.6055 0,5.8594 -4.75,10.6055 -10.61,10.6055 -5.855,0 -10.605,-4.7461 -10.605,-10.6055 0,-5.8555 4.75,-10.6055 10.605,-10.6055" style="fill:#ffffff;fill-opacity:1;fill-rule:nonzero;stroke:none" id="path9172"/>
        <path d="m 200.035,30.0898 c 5.86,0 10.61,4.75 10.61,10.6055 0,5.8594 -4.75,10.6055 -10.61,10.6055 -5.855,0 -10.605,-4.7461 -10.605,-10.6055 0,-5.8555 4.75,-10.6055 10.605,-10.6055" style="fill:#ffffff;fill-opacity:1;fill-rule:nonzero;stroke:none" id="path9174"/>
        <path d="m 247.535,30.0898 c 5.86,0 10.61,4.75 10.61,10.6055 0,5.8594 -4.75,10.6055 -10.61,10.6055 -5.855,0 -10.605,-4.7461 -10.605,-10.6055 0,-5.8555 4.75,-10.6055 10.605,-10.6055" style="fill:#ffffff;fill-opacity:1;fill-rule:nonzero;stroke:none" id="path9176"/>
      </g>
    </g>
    <g transform="matrix(1.25,0,0,-1.25,214.07839,202.00187)" id="g9113">
      <g transform="scale(0.1,0.1)" id="g9115">
        <path id="path9117" style="fill:#000000;fill-opacity:1;fill-rule:nonzero;stroke:none" d="m 6.07031,5.64063 297.781,0 0,74.4414 -297.781,0 0,-74.4414 z"/>
        <path id="path9119" style="fill:none;stroke:#ffffff;stroke-width:4;stroke-linecap:butt;stroke-linejoin:miter;stroke-miterlimit:4;stroke-dasharray:none;stroke-opacity:1" d="m 6.07031,5.64063 297.781,0 0,74.4414 -297.781,0 0,-74.4414 z"/>
        <path id="path9121" style="fill:#000000;fill-opacity:1;fill-rule:nonzero;stroke:none" d="m 303.852,5.26953 0,74.81247 -297.93012,0 73.65232,56.152 285.1718,0 0,-62.3121 -60.894,-68.65237"/>
        <path id="path9123" style="fill:none;stroke:#ffffff;stroke-width:4;stroke-linecap:butt;stroke-linejoin:miter;stroke-miterlimit:4;stroke-dasharray:none;stroke-opacity:1" d="m 303.852,5.26953 0,74.81247 -297.93012,0 73.65232,56.152 285.1718,0 0,-62.3121 -60.894,-68.65237 z"/>
        <path id="path9125" style="fill:#000000;fill-opacity:1;fill-rule:nonzero;stroke:none" d="m 307.008,81.4258 53.394,53.6522"/>
        <path id="path9127" style="fill:none;stroke:#ffffff;stroke-width:4;stroke-linecap:butt;stroke-linejoin:miter;stroke-miterlimit:4;stroke-dasharray:none;stroke-opacity:1" d="m 307.008,81.4258 53.394,53.6522"/>
        <path id="path9129" style="fill:#ffffff;fill-opacity:1;fill-rule:nonzero;stroke:none" d="m 57.5352,30.0898 c 5.8593,0 10.6093,4.75 10.6093,10.6055 0,5.8594 -4.75,10.6055 -10.6093,10.6055 -5.8555,0 -10.6055,-4.7461 -10.6055,-10.6055 0,-5.8555 4.75,-10.6055 10.6055,-10.6055"/>
        <path id="path9131" style="fill:#ffffff;fill-opacity:1;fill-rule:nonzero;stroke:none" d="m 105.035,30.0898 c 5.86,0 10.61,4.75 10.61,10.6055 0,5.8594 -4.75,10.6055 -10.61,10.6055 -5.8553,0 -10.6053,-4.7461 -10.6053,-10.6055 0,-5.8555 4.75,-10.6055 10.6053,-10.6055"/>
        <path id="path9133" style="fill:#ffffff;fill-opacity:1;fill-rule:nonzero;stroke:none" d="m 152.535,30.0898 c 5.86,0 10.61,4.75 10.61,10.6055 0,5.8594 -4.75,10.6055 -10.61,10.6055 -5.855,0 -10.605,-4.7461 -10.605,-10.6055 0,-5.8555 4.75,-10.6055 10.605,-10.6055"/>
        <path id="path9135" style="fill:#ffffff;fill-opacity:1;fill-rule:nonzero;stroke:none" d="m 200.035,30.0898 c 5.86,0 10.61,4.75 10.61,10.6055 0,5.8594 -4.75,10.6055 -10.61,10.6055 -5.855,0 -10.605,-4.7461 -10.605,-10.6055 0,-5.8555 4.75,-10.6055 10.605,-10.6055"/>
        <path id="path9137" style="fill:#ffffff;fill-opacity:1;fill-rule:nonzero;stroke:none" d="m 247.535,30.0898 c 5.86,0 10.61,4.75 10.61,10.6055 0,5.8594 -4.75,10.6055 -10.61,10.6055 -5.855,0 -10.605,-4.7461 -10.605,-10.6055 0,-5.8555 4.75,-10.6055 10.605,-10.6055"/>
      </g>
    </g>
    <text style="font-style: normal; font-weight: normal; font-size: 11.7226px; line-height: 125%; font-family: sans-serif; letter-spacing: 0px; word-spacing: 0px; fill: rgb(0, 0, 0); fill-opacity: 1; stroke: none; stroke-width: 1px; stroke-linecap: butt; stroke-linejoin: miter; stroke-opacity: 1; white-space: pre;" x="255.15518" y="162.57372" id="text9724"><tspan id="tspan9726" x="255.15518" y="162.57372">PPP sobre </tspan><tspan x="255.15518" y="177.22691" id="tspan9728">línea telefónica</tspan></text>
    <text style="font-style: normal; font-weight: normal; font-size: 11.25px; line-height: 125%; font-family: sans-serif; letter-spacing: 0px; word-spacing: 0px; fill: rgb(0, 0, 0); fill-opacity: 1; stroke: none; stroke-width: 1px; stroke-linecap: butt; stroke-linejoin: miter; stroke-opacity: 1; white-space: pre;" x="511.12042" y="82.577698" id="text9730"><tspan id="tspan9732" x="511.12042" y="82.577698">192.1.2.3</tspan></text>
    <text style="font-style: normal; font-weight: normal; font-size: 11.25px; line-height: 125%; font-family: sans-serif; letter-spacing: 0px; word-spacing: 0px; fill: rgb(0, 0, 0); fill-opacity: 1; stroke: none; stroke-width: 1px; stroke-linecap: butt; stroke-linejoin: miter; stroke-opacity: 1; white-space: pre;" x="453.99405" y="150.50917" id="text9734"><tspan id="tspan9736" x="453.99405" y="150.50917">192.1.2.2</tspan></text>
    <text style="font-style: normal; font-weight: normal; font-size: 11.25px; line-height: 125%; font-family: sans-serif; letter-spacing: 0px; word-spacing: 0px; fill: rgb(0, 0, 0); fill-opacity: 1; stroke: none; stroke-width: 1px; stroke-linecap: butt; stroke-linejoin: miter; stroke-opacity: 1; white-space: pre;" x="352.84467" y="173.29651" id="text9738"><tspan id="tspan9740" x="352.84467" y="173.29651">128.8.254.2</tspan></text>
    <text id="text9742" y="217.29651" x="206.84467" style="font-style: normal; font-weight: normal; font-size: 11.25px; line-height: 125%; font-family: sans-serif; letter-spacing: 0px; word-spacing: 0px; fill: rgb(0, 0, 0); fill-opacity: 1; stroke: none; stroke-width: 1px; stroke-linecap: butt; stroke-linejoin: miter; stroke-opacity: 1; white-space: pre;"><tspan y="217.29651" x="206.84467" id="tspan9744">128.8.254.55</tspan></text>
    <text style="font-style: normal; font-weight: normal; font-size: 11.25px; line-height: 125%; font-family: sans-serif; letter-spacing: 0px; word-spacing: 0px; fill: rgb(0, 0, 0); fill-opacity: 1; stroke: none; stroke-width: 1px; stroke-linecap: butt; stroke-linejoin: miter; stroke-opacity: 1; white-space: pre;" x="175.28728" y="239.02924" id="text9746"><tspan id="tspan9748" x="175.28728" y="239.02924">128.8.55.9</tspan></text>
    <text id="text9750" y="303.02924" x="161.28728" style="font-style: normal; font-weight: normal; font-size: 11.25px; line-height: 125%; font-family: sans-serif; letter-spacing: 0px; word-spacing: 0px; fill: rgb(0, 0, 0); fill-opacity: 1; stroke: none; stroke-width: 1px; stroke-linecap: butt; stroke-linejoin: miter; stroke-opacity: 1; white-space: pre;"><tspan y="303.02924" x="161.28728" id="tspan9752">128.8.55.2</tspan></text>
    <text style="font-style: normal; font-weight: normal; font-size: 11.25px; line-height: 125%; font-family: sans-serif; letter-spacing: 0px; word-spacing: 0px; fill: rgb(0, 0, 0); fill-opacity: 1; stroke: none; stroke-width: 1px; stroke-linecap: butt; stroke-linejoin: miter; stroke-opacity: 1; white-space: pre;" x="161.28729" y="363.02924" id="text9754"><tspan id="tspan9756" x="161.28729" y="363.02924">128.8.65.2</tspan></text>
    <text id="text9758" y="445.02924" x="179.28729" style="font-style: normal; font-weight: normal; font-size: 11.25px; line-height: 125%; font-family: sans-serif; letter-spacing: 0px; word-spacing: 0px; fill: rgb(0, 0, 0); fill-opacity: 1; stroke: none; stroke-width: 1px; stroke-linecap: butt; stroke-linejoin: miter; stroke-opacity: 1; white-space: pre;"><tspan y="445.02924" x="179.28729" id="tspan9760">128.8.65.101</tspan></text>
    <text style="font-style: normal; font-weight: normal; font-size: 11.25px; line-height: 125%; font-family: sans-serif; letter-spacing: 0px; word-spacing: 0px; fill: rgb(0, 0, 0); fill-opacity: 1; stroke: none; stroke-width: 1px; stroke-linecap: butt; stroke-linejoin: miter; stroke-opacity: 1; white-space: pre;" x="319.28729" y="445.02924" id="text9762"><tspan id="tspan9764" x="319.28729" y="445.02924">15.16.17.10</tspan></text>
    <g id="g9784" transform="translate(8,16.847399)">
      <path id="path9770" d="m 318.74116,12.882713 134.45387,0" style="fill:none;fill-rule:evenodd;stroke:#000000;stroke-width:1px;stroke-linecap:butt;stroke-linejoin:miter;stroke-opacity:1"/>
      <path id="path9772" d="m 389.17492,13.088279 0,36.853685" style="fill:none;fill-rule:evenodd;stroke:#000000;stroke-width:1px;stroke-linecap:butt;stroke-linejoin:miter;stroke-opacity:1"/>
    </g>
    <text style="font-style: normal; font-weight: normal; font-size: 11.25px; line-height: 125%; font-family: sans-serif; letter-spacing: 0px; word-spacing: 0px; fill: rgb(0, 0, 0); fill-opacity: 1; stroke: none; stroke-width: 1px; stroke-linecap: butt; stroke-linejoin: miter; stroke-opacity: 1; white-space: pre;" x="337.209" y="46.151" id="text9774"><tspan id="tspan9776" x="337.209" y="46.151" style="font-size: 11.3px; word-spacing: 0px;">128.8.65.0   192.1.2.2</tspan><tspan x="337.209" y="60.214" id="tspan9780" style="font-size: 11.3px; word-spacing: 0px;">15.16.17.0   192.1.2.2</tspan></text>
  </g>
</svg>
